-- Input1 --

1) 2OPT (5 iterations)
0.69, 2405
0.45, 2387
0.47, 2303
0.24, 2310
0.57, 2334

2) LKH (20 iterations)
0.24, 2159
0.11, 2158
0.09, 2198
0.11, 2264
0.18, 2279

-- Input2 --

1) 2OPT (5 iterations)
2.26, 3727
2.27, 3854
2.16, 3794
3.29, 3766
4.05, 3665

2) LKH (20 iterations)
1.19, 3660
1.07, 3521
0.99, 3441
1.09, 3523
0.98, 3586

-- Input3 --

1) 2 OPT (5 iterations)
31.37, 5826
50.49, 5780
25.68, 6047
22.82, 5829
18.94, 5930

2) LKH (20 iterations)
6.09, 5631
7.64, 5521
6.20, 5545
6.06, 5523
8.01, 5558

-- Input4 --

1) 2OPT (5 iterations)
87.43, 38685
69.56, 38543
64.31, 37235
59.45, 39123
74.43, 38800

2) LKH (20 iterations)
35.83, 15996
66.71, 15733
50.44, 15481
32.72, 17537
53.67, 18105

(30 iterations)
144.83, 10235

-- Input8 --

1) 2OPT (5 iterations)
60.04, 37341

2) LKH

20 iterations
57.30, 18815

30 iterations
109.90, 10210
135.75, 10288
99.31, 10215